Beta,DeltaStep,Center,P_Target
0.005238899867717034,143.8797880106941,-1.6780880057816755e-20,0.68
